------------------------------------------------
№   Дата/время       Температура  Осадки (мм)
------------------------------------------------
1   00:00            5,7          0,00
2   01:00            5,4          0,00
3   02:00            5,0          0,00
4   03:00            4,5          0,00
5   04:00            3,8          0,00
6   05:00            3,5          0,00
7   06:00            4,7          0,00
8   07:00            6,2          0,00
9   08:00            8,0          0,00
10  09:00            10,0         0,00
11  10:00            10,9         0,00
12  11:00            11,7         0,00
13  12:00            12,5         0,00
14  13:00            13,0         0,00
15  14:00            13,5         0,00
16  15:00            14,2         0,00
17  16:00            14,3         0,00
18  17:00            13,9         0,00
19  18:00            13,7         0,00
20  19:00            12,9         0,00
21  20:00            12,0         0,00
22  21:00            11,1         0,00
23  22:00            9,8          0,00
24  23:00            9,1          0,00
